0 0
1 1
3 3
4 4
6 6
7 7
9 9
10 10
12 12
13 13
15 15
16 16
18 18
19 19
21 21
22 22
24 24
25 25
27 27
28 28
30 30
31 31
33 33
34 34
36 36
37 37
39 39
40 40
42 42
43 43
45 45
46 46
48 48
49 49
51 51
52 52
54 54
55 55
57 57
58 58
60 60
61 61
63 63
64 64
66 66
67 67
69 69
70 70
72 72
73 73
75 75
76 76
78 78
79 79
81 81
82 82
84 84
85 85
87 87
88 88
90 90
91 91
93 93
94 94
96 96
97 97
99 99
100 100
102 102
103 103
105 105
106 106
108 108
109 109
111 111
112 112
114 114
115 115
117 117
118 118
120 120
121 121
123 123
124 124
126 126
127 127
129 129
130 130
132 132
133 133
135 135
136 136
138 138
139 139
141 141
142 142
144 144
145 145
147 147
148 148
150 150
151 151
153 153
154 154
156 156
157 157
159 159
160 160
162 162
163 163
165 165
166 166
168 168
169 169
171 171
172 172
174 174
175 175
177 177
178 178
180 180
181 181
183 183
184 184
186 186
187 187
189 189
190 190
192 192
193 193
195 195
196 196
198 198
199 199
201 201
202 202
204 204
205 205
207 207
208 208
210 210
211 211
213 213
214 214
216 216
217 217
219 219
220 220
222 222
223 223
225 225
226 226
228 228
229 229
231 231
232 232
234 234
235 235
237 237
238 238
240 240
241 241
243 243
244 244
246 246
247 247
249 249
250 250
252 252
253 253
255 255
256 256
258 258
259 259
261 261
262 262
264 264
265 265
267 267
268 268
270 270
271 271
273 273
274 274
276 276
277 277
279 279
280 280
282 282
283 283
285 285
286 286
288 288
289 289
291 291
292 292
294 294
295 295
297 297
298 298
300 300
301 301
303 303
304 304
306 306
307 307
309 309
310 310
312 312
313 313
315 315
316 316
318 318
319 319
321 321
322 322
324 324
325 325
327 327
328 328
330 330
331 331
333 333
334 334
336 336
337 337
339 339
340 340
342 342
343 343
345 345
346 346
348 348
349 349
351 351
352 352
354 354
355 355
357 357
358 358
360 360
361 361
363 363
364 364
366 366
367 367
369 369
370 370
372 372
373 373
375 375
376 376
378 378
379 379
381 381
382 382
384 384
385 385
387 387
388 388
390 390
391 391
393 393
394 394
396 396
397 397
399 399
400 400
402 402
403 403
405 405
406 406
408 408
409 409
411 411
412 412
414 414
415 415
417 417
418 418
420 420
421 421
423 423
424 424
426 426
427 427
429 429
430 430
432 432
433 433
0 0
1 1
3 3
4 4
6 6
7 7
9 9
10 10
12 12
13 13
15 15
16 16
18 18
19 19
21 21
22 22
24 24
25 25
27 27
28 28
30 30
31 31
33 33
34 34
36 36
37 37
39 39
40 40
42 42
43 43
45 45
46 46
48 48
49 49
51 51
52 52
54 54
55 55
57 57
58 58
60 60
61 61
63 63
64 64
66 66
67 67
69 69
70 70
72 72
73 73
75 75
76 76
78 78
79 79
81 81
82 82
84 84
85 85
87 87
88 88
90 90
91 91
93 93
94 94
96 96
97 97
99 99
100 100
102 102
103 103
105 105
106 106
108 108
109 109
111 111
112 112
114 114
0 0
1 1
3 3
4 4
6 6
7 7
9 9
10 10
12 12
13 13
15 15
16 16
18 18
19 19
21 21
22 22
24 24
25 25
27 27
28 28
30 30
31 31
33 33
34 34
36 36
37 37
39 39
40 40
42 42
43 43
45 45
46 46
48 48
49 49
51 51
52 52
54 54
55 55
57 57
58 58
60 60
61 61
63 63
64 64
66 66
67 67
69 69
70 70
72 72
73 73
75 75
76 76
78 78
79 79
81 81
82 82
84 84
85 85
87 87
88 88
90 90
91 91
93 93
94 94
96 96
97 97
99 99
100 100
102 102
103 103
105 105
106 106
108 108
109 109
111 111
112 112
114 114
115 115
117 117
118 118
120 120
121 121
123 123
124 124
126 126
127 127
129 129
130 130
132 132
133 133
135 135
136 136
138 138
139 139
141 141
142 142
144 144
145 145
147 147
148 148
150 150
151 151
153 153
154 154
156 156
157 157
159 159
160 160
162 162
163 163
165 165
166 166
